Label,From Node,To Node,Length (Scaled) (m),Diameter (mm),Material,Hazen-Williams C,Flow (L/s),Velocity (m/s),Headloss Gradient (m/m)
574534.72,3743181.22,J-14,283.77,1.51,312.53,29
574531.63,3743105.75,J-17,283.79,1.51,312.95,29
574810.56,3741590.96,J-23,282.68,1.51,316.08,33
574717.86,3741593.71,J-30,283.24,1.51,317.87,35
573685.88,3741878.74,J-110,277.78,0,324.1,46
573571.56,3741879.7,J-108,277.98,0,324.49,46
573864.3,3741875.45,J-100,278.39,0,323.6,45
573863.67,3741970.1,J-97,278.39,0,323.4,45
573864.79,3741785.8,J-96,278.39,1.51,323.36,45
574906.7,3741969.43,J-72,281.44,0,319.9,38
574909.15,3741779.88,J-20,281.46,1.51,314.77,33
576482.35,3742589.12,J-45,274.28,1.51,306.42,32
576722.75,3742687.85,J-34,272.48,1.51,303.78,31
575817.4,3742083.72,J-43,277.83,0,313.85,36
575764.89,3742343,J-29,278.06,1.51,312.91,35
575192.88,3742158.76,J-49,275.95,0,317.94,42
575477.14,3742155.79,J-107,272.61,1.51,318.03,45
575193.09,3742250.66,J-46,275.89,0,317.34,41
575479.56,3742251.38,J-104,272.68,1.51,317.55,45
575772.06,3742268.21,J-66,278.02,1.51,316.51,38
573773.58,3742343.99,J-88,278.27,1.51,320.57,42
573781.92,3741970.6,J-98,278.23,0,323.66,45
574251.93,3742350.12,J-47,281.73,1.51,317.45,36
574247.34,3741971.65,J-81,281.56,0,322.21,41
574342.96,3742348.77,J-39,282.6,1.51,316.99,34
574338.67,3741971.8,J-75,282.5,0,321.93,39
573867.47,3742350.16,J-86,278.44,1.51,319.93,41
574055.42,3742352.1,J-79,278.98,1.51,318.98,40
574057,3741971.25,J-92,278.96,0,322.79,44
574718.46,3741970.1,J-63,283.16,0,320.55,37
574804.18,3741970.71,J-67,282.52,0,320.24,38
573960.08,3742350.51,J-83,278.7,1.51,319.41,41
573971.59,3741970.32,J-94,278.7,0,323.06,44
574155.18,3742352.6,J-65,280.34,1.51,318.1,38
575882.27,3742494.71,J-59,277.55,1.51,315.07,37
575880.63,3742098.11,J-68,277.57,0,314.55,37
575299.63,3742728.65,J-80,272.44,1.51,310.92,38
575193.04,3742345.63,J-44,275.85,1.51,316.69,41
574341.82,3742630.42,J-32,282.63,0,316.03,33
574530.34,3742997.55,J-22,283.82,1.51,313.56,30
576372.54,3742725.47,J-38,275.27,0,306.32,31
576794.51,3742548.95,J-56,271.84,1.51,304.99,33
573967.39,3741970.56,J-95,278.7,0,323.07,44
573961.86,3741502.43,J-85,278.65,1.51,321.72,43
574057.32,3741499.84,J-74,278.93,1.51,321.21,42
574624.27,3741970.24,J-61,283.49,0,320.95,37
574620.84,3741497.18,J-21,283.59,1.51,317.41,34
575881.18,3742265.72,J-71,277.56,1.51,315.64,38
576369.91,3742277.72,J-52,275.25,1.51,310.58,35
576487.49,3742986.53,J-28,274.38,1.51,303.16,29
576481.12,3742485.7,J-54,274.25,1.51,307.09,33
575409.88,3742538.06,J-99,271.15,1.51,313.32,42
575484.82,3742008.43,J-111,272.96,0,318.81,46
574153.69,3741971.6,J-87,280.2,0,322.49,42
573863.18,3741503.57,J-93,278.36,1.51,322.68,44
574530.15,3741971.65,J-58,283.94,0,321.36,37
574528.16,3741412.71,J-27,283.98,1.51,318.06,34
574434.43,3741971.66,J-70,283.29,0,321.65,38
574432.55,3741404.94,J-31,283.19,1.51,318.3,35
574244.77,3741330.14,J-53,281.34,1.51,319.57,38
574189.29,3741320.43,J-69,280.54,0,320.02,39
576368.97,3742212.89,J-60,275.25,0,311.99,37
576854.4,3742709.36,J-55,271.09,1.51,304.61,33
575477.36,3742339.99,J-101,272.68,1.51,317.17,44
576177.69,3742496.17,J-11,276.48,1.51,306.63,30
574914.96,3742712.43,J-03,281.21,1.51,307.9,27
575001.79,3742713.95,J-02,280.33,1.51,307.79,27
575003.56,3741968.29,J-76,280.46,0,319.59,39
575099.15,3742716.13,J-05,278.21,1.51,308.92,31
575092.46,3741966.74,J-84,278.79,0,319.32,40
574817.19,3742813,J-07,282.19,1.51,308.56,26
576373.94,3742497.52,J-48,275.24,1.51,307.65,32
575405.36,3742440.7,J-106,271.58,1.51,314.41,43
575192.08,3742724.38,J-51,275.61,1.51,310.46,35
575809.16,3743320.19,J-04,277.83,1.51,294.96,17
576373.61,3742482.24,J-50,275.24,1.51,307.8,32
574339.73,3741403.34,J-40,282.42,1.51,318.67,36
575191.11,3741965.82,J-91,276.1,0,319.14,43
574436.75,3742994.71,J-10,283.47,1.51,312.08,29
574631.22,3743093.57,J-16,283.25,1.51,312.38,29
574727.2,3743094.42,J-15,282.82,1.51,311.97,29
574718.27,3741970.3,J-62,283.16,0,320.55,37
574531.21,3743092.94,J-18,283.8,1.51,313,29
573686.36,3741970.56,J-103,278.05,0,323.88,46
576372.5,3742756.19,J-37,275.27,1.51,306.11,31
573402.73,3741944.95,J-105,275.55,1.51,322.87,47
576541.11,3742226.22,J-64,273.67,1.51,311.38,38
576748.69,3742582.72,J-57,272.26,0,305.19,33
576680.54,3742634.54,J-35,272.77,0,304.02,31
575881.4,3742345.13,J-73,277.56,1.51,316.1,38
575183.17,3741965.77,J-90,276.32,0,319.19,43
575178.81,3742716.86,J-08,276.04,1.51,310.46,34
573685.1,3741781.25,J-102,278,1.51,323.61,46
574247.82,3743004.62,J-13,283.22,1.51,312.37,29
574245.42,3742635.4,J-33,282,1.51,314.84,33
574351.74,3742992.67,J-26,283.32,1.51,312.98,30
574816.3,3743095.08,J-12,282.67,1.51,311.39,29
576369.88,3743319.42,J-09,276.55,1.51,298.93,22
576484.57,3742728.58,J-36,274.31,1.51,304.99,31
575798.21,3741642.73,J-78,273.8,1.51,315.91,42
576185.4,3741726.3,J-42,274.39,1.51,309.51,35
575009.88,3741873.2,J-19,279.32,1.51,313.66,34
574814.1,3741510.9,J-24,282.94,1.51,316.29,33
573863.69,3741373.17,J-89,278.98,1.51,321.95,43
574905.32,3741600.41,J-25,282.25,1.51,315.26,33
574646.16,3743388.1,J-01,283.78,1.51,307.52,24
575829.36,3742535.07,J-41,278,1.51,311.42,33
574697.99,3743236.48,J-06,283.78,1.51,310.35,27
573666.73,3742332.38,J-77,278.22,1.51,320.75,42
574053.93,3741328.75,J-82,279.9,1.51,321.09,41
573501.61,3741879.28,J-109,278,0,324.93,47
